100
2 15
54 100
13 2
90 48
61 100
2 24
2 2
2 56
5 2
4 1
37 78
67 97
35 60
93 42
100 15
51 68
4 2
58 67
60 48
29 44
7 28
88 27
5 3
46 39
96 41
1 4
13 89
14 8
5 5
2 96
94 86
3 2
4 4
2 4
10 7
2 4
61 16
80 56
47 32
5 4
37 36
100 22
6 21
3 4
2 3
56 100
9 31
45 31
18 4
51 5
8 89
2 89
60 53
59 9
2 1
1 55
100 69
23 2
8 7
22 74
4 3
1 2
10 93
45 51
77 61
98 2
47 32
5 1
96 63
76 3
100 7
99 2
69 66
100 37
3 3
1 1
3 1
79 39
2 5
1 5
4 5
95 47
41 87
100 82
46 90
2 21
80 94
32 56
55 85
93 68
51 47
97 76
100 96
43 36
38 24
63 100
11 47
16 60
3 5
1 3
