10
194
2007 8174
3553 2168
6031 7397
1567 672
5410 96
3394 5554
7304 6786
5647 4809
6945 883
5166 3431
9101 7722
3515 5833
9883 6349
6418 6584
3260 9508
1105 2904
797 9111
2732 8688
3258 7450
6419 1536
8803 5198
3569 2333
6260 2873
8763 3965
2640 9847
4224 5255
4047 4114
4318 6371
9789 3639
6031 6149
2846 1147
7232 6804
1576 7064
9457 4459
4311 7445
7851 2884
2009 7294
5178 1043
3202 4519
6566 8347
9808 917
4779 5996
2956 1144
2928 7896
6361 3112
1527 1227
4450 5393
5283 7534
3141 9726
7892 9353
9761 3126
3598 9533
490 6823
3731 843
4500 4555
9788 269
8043 1055
1283 1618
2778 4846
5297 7222
8549 4503
4726 7862
1960 760
3347 170
4664 9889
3315 1511
4544 4856
685 8163
5524 9766
561 5914
1189 1905
2010 2143
4777 3314
6326 1158
5422 7895
6695 4687
4729 9194
6367 914
4791 4254
1251 2391
5551 1295
2087 5344
8673 4370
9621 5470
6147 4114
8820 2168
2004 6501
1086 1348
5107 3445
5026 6965
534 8346
1871 8077
1249 4901
7264 3981
9381 5966
9689 9646
7070 7199
9923 2100
9434 8307
7554 6305
8025 5303
2061 7040
7793 1429
8028 9353
876 6949
1009 8173
4567 9368
4068 32
1066 8022
6000 9189
4696 6321
5308 3891
5954 8567
5596 2024
6693 6140
8187 4703
7384 2347
4868 5416
7641 5534
9343 1745
9276 332
9422 4981
1081 1643
4326 9753
5047 729
3439 6721
6773 4738
3193 4792
2270 4636
1507 7247
4690 6917
8871 4668
5677 9094
5205 9086
7344 7667
6464 2150
4219 1252
9354 7505
4183 7285
4545 4719
1179 8379
6163 5972
9646 3483
3838 6025
3604 2545
7123 3630
2040 6656
8682 6866
1027 1962
212 9641
6647 4458
5993 379
3594 4337
8232 3055
8372 940
9044 6185
120 1018
6745 247
105 1262
4995 415
8076 7532
1504 8309
6997 827
8788 6820
7920 7079
9528 4900
6621 1983
5748 2997
7031 8494
6984 8423
7286 2788
5704 1263
6146 5002
1165 1809
7148 8089
3491 307
6428 2054
8260 9719
7434 2164
366 4317
112 7679
9268 732
8261 2343
513 9571
2500 91
434 716
733 6422
4638 3085
4024 6371
2788 2172
8841 2590
3574 1884
2943 8014
2155 160
199
3428 7562
5791 1217
4247 6008
6995 2192
6095 6280
9772 6151
7862 4625
3213 277
133 5266
1105 7209
8383 5203
2194 1791
9677 4788
7541 7808
8694 7910
2619 6714
8237 6418
8779 1861
9532 516
2737 7595
8458 2936
7198 4845
4624 2117
1329 4469
9461 6782
9680 8614
1338 4729
8578 4366
2847 3414
2688 6057
2280 7479
1420 7019
6428 8546
8793 5763
3470 8054
3340 6743
233 4864
6039 1426
7823 8777
8158 594
4106 6426
6913 9217
4118 4268
9822 9587
6631 7158
1209 623
7013 7405
8536 7415
3598 468
9133 574
8951 8865
4139 9990
3988 2707
2798 5442
9008 5506
8137 232
7767 6576
8706 1758
5438 6666
1242 5094
1941 5092
5531 6304
5573 7103
3348 8635
9016 6083
3323 9535
6965 7380
6957 4746
5027 8268
7185 2919
746 1980
8850 3758
915 6028
4318 9436
6259 2931
6154 8349
7615 567
4117 4895
616 5572
7147 2020
9200 3430
9751 1957
8201 765
7316 3009
8772 8848
9762 1501
3567 5309
1175 3198
4188 4867
8340 9191
3971 951
275 3839
2468 3774
1510 4131
1570 6033
8989 5908
9205 6148
3124 4065
4481 3815
2287 8039
102 6651
7900 5401
6691 5012
1371 4141
836 1833
8729 9359
6206 6638
1132 9537
9981 5840
4090 8636
4392 7511
5929 4683
8715 9707
4720 1442
1946 2871
8749 5628
6637 7402
3001 5449
5034 9358
3992 9936
6856 3414
6800 6767
114 530
9989 4308
9432 6664
439 6667
1962 4621
5053 3660
4776 2624
1082 146
924 258
6089 3476
2815 4562
4696 8216
3015 5355
8880 1394
6392 7925
5341 6966
1908 6590
7715 2703
7070 5972
8170 5131
751 7976
8310 1808
7711 8566
7857 4715
1289 5861
6897 5036
997 6467
4973 6999
898 1620
3686 7841
8702 8604
7642 9483
6208 6076
4266 7146
1202 7795
8294 1608
5418 3287
2318 1475
2354 5577
2602 5489
9478 758
3263 7461
2826 6288
4652 5329
6224 4505
7469 3073
635 5780
7995 6381
8852 9941
1741 1881
5351 406
2507 7804
1249 9852
2748 9335
7435 9588
4262 1956
7580 2994
4899 4614
8078 2676
1564 1800
8747 76
953 7286
7856 1422
4271 950
9814 3761
118 6567
6168 1031
1579 3438
7415 7152
391 4844
4490 9334
7137 1431
7220 3551
8673 9435
9798 212
4543 1277
8678 4209
197
7993 2151
1998 1382
8949 5021
928 9104
9575 3143
6459 3817
7073 8047
3827 9642
688 7732
6671 1587
1699 4976
9304 5844
7168 6469
9484 4965
8937 4093
8207 5752
2763 3941
7752 7893
3381 7673
6299 876
7509 6299
17 4887
8193 6600
8445 5292
7309 6278
2622 2136
2153 1745
6769 1738
1036 9653
8136 5489
6459 9265
2070 784
6677 603
6231 7411
5117 160
6737 7591
1061 8162
2683 2837
704 9427
4177 915
8412 8360
4317 3492
4626 7629
198 5052
3187 5824
5113 8933
2206 2759
6019 2557
729 5588
919 4013
325 6441
817 9750
8202 5119
1707 3400
7862 6566
3002 3881
6773 8973
5408 2361
191 8841
8768 6111
2158 7112
6845 9543
4639 3128
3445 8661
8603 4555
5499 8638
3501 6494
9963 2109
1982 6935
3247 9841
8905 9733
2505 1315
2130 8521
2518 7044
8537 4015
9603 1590
3165 1785
7271 3827
1047 9570
4664 6172
6167 982
9112 1008
8631 4480
2920 1530
4497 3098
8459 235
1789 9766
2842 4978
1030 2408
496 8912
1602 7059
2953 6061
8073 3200
5885 8732
3366 2989
1354 2601
1423 9494
891 6352
6966 3643
2495 143
4341 9408
361 5475
7021 3780
4044 2206
3186 9041
8446 623
4058 1367
8316 8655
3508 377
4181 262
9187 514
2718 2513
6358 9004
4450 2769
4937 1005
4857 5681
6821 3647
7255 2828
6491 6053
4152 6389
2322 2442
3148 2575
8592 6819
9134 3338
3013 6812
8606 1852
3962 4656
8153 5840
9967 6972
3279 754
9744 5843
8129 3357
5303 1703
84 4621
5044 2574
4282 5366
7727 1458
8934 77
8430 5624
3578 4480
9537 4613
8080 233
5319 2759
9241 2572
9291 7959
4366 2468
9418 7261
9891 4234
9906 3206
4531 2835
4469 9350
4174 9569
3056 1858
7738 6119
9177 1937
3044 3461
3949 957
9951 7506
6790 6965
2336 2675
1587 8599
9597 7443
4191 1548
6592 2824
5615 4685
4423 1618
4372 3169
2979 2778
9169 8617
3636 6159
6815 1169
5954 3129
1510 3419
9968 589
4486 539
6626 8763
694 7171
8558 1955
5865 5742
5160 8036
97 1227
5012 6470
9379 5384
6200 3250
450 4222
1539 8517
571 4082
6255 1014
159 9129
7059 3416
6890 4071
8529 8600
4191 1072
1424 8721
2457 3570
913 2369
8092 1980
198
2231 6348
821 869
1929 8722
9165 3149
3437 6603
5499 8690
6305 7039
6396 1688
7399 4939
6340 4176
7200 7470
1919 279
9414 4538
4073 8350
1785 7772
6865 137
9727 6384
8800 6097
6714 6663
8049 395
2658 7233
4177 2326
3079 2878
8434 9047
5461 8677
4701 9458
152 9569
1422 3677
6962 8135
9947 9219
5117 8705
4236 121
6884 3668
8649 6679
3974 9126
655 6857
1275 8496
3493 5324
177 9195
6520 3225
9039 8584
7159 7998
6977 971
9464 3131
2138 8921
6655 7130
7782 842
5375 3008
6210 3166
4745 4954
8462 5171
7168 5947
2344 9023
5876 5700
486 7779
5197 7128
8878 6549
2935 2755
8683 7235
4979 6831
7288 7005
866 9198
6931 7511
1380 6167
4764 6323
8957 3256
2707 6112
5783 1601
2385 1000
5722 9090
4894 3649
4947 107
6610 3146
6878 8119
64 968
8826 123
7186 6398
8325 536
9667 6836
3467 5008
521 5362
267 1833
6058 8579
926 157
9411 3184
7326 866
925 9767
95 3768
9356 557
5757 7040
8829 5440
9853 3044
1547 4890
5072 7980
6011 4921
3922 7522
1613 8654
3477 8045
9051 2410
6390 3259
342 8507
2112 6203
7823 3776
8554 6000
2787 8261
5473 5469
4036 6687
413 1793
7283 2118
7238 7268
7679 5525
790 2743
8012 9176
6679 1901
3270 6381
6352 9813
5057 960
7424 117
1795 2241
9537 7525
7988 1820
3679 4686
1032 464
5609 602
7855 6312
9689 7499
4961 9900
3718 6428
5784 2288
1603 2713
5229 7766
270 5476
4263 4042
6819 2613
3430 5114
9573 9839
6562 8213
9603 4955
6432 4935
3926 9281
6196 9982
5159 482
3201 1923
6659 750
5414 2309
6579 2522
270 2115
3712 5927
1940 3195
575 1206
7166 7925
8094 8446
7293 2654
8746 8869
8679 4572
619 9398
9167 6797
9440 7814
7565 89
7335 3473
8287 576
8279 9548
3402 2218
4496 7473
7371 6596
9627 2240
6636 4986
146 507
8525 7061
6946 7567
8981 1
9607 207
5662 1864
4840 3445
8424 5691
7861 2524
8579 2539
9451 6863
4754 6937
2672 1985
3169 8642
2789 5975
4019 7942
7142 4435
9162 6380
1264 2378
1324 1851
2980 7678
4057 7466
8461 7483
5940 1791
8139 8518
2024 5279
7002 2805
3861 3498
9825 6796
611 7298
1740 2342
198
4242 2847
30 4872
7325 6862
7485 2205
3826 3349
3107 8029
6583 2280
7511 4055
6405 1951
548 3196
5211 1296
9375 7812
6141 4898
6898 6068
8159 3163
7439 9283
9943 3803
6719 6900
1890 6900
6846 6815
9483 1520
2082 9090
528 9773
241 7873
7145 5409
9665 5879
8485 4598
770 2219
5314 2188
1974 2587
9559 1959
6539 8196
6642 6902
1149 894
4460 1480
1208 7847
767 5193
9020 2617
9508 9749
5777 1894
3405 246
963 8831
8167 901
1071 9957
5366 2879
3659 8587
1600 7915
7359 5502
9432 294
9335 9948
8656 3807
6196 9321
3641 8963
2731 7145
3225 5753
3289 7571
2890 375
434 5098
1184 629
6203 7896
3728 14
2731 7819
2805 6035
7313 501
3968 5561
5653 2557
1721 5036
7891 3547
8587 6131
1642 7550
5524 8326
5272 6489
6105 994
4186 567
9417 1023
2595 5125
3774 7192
8191 7824
1499 4290
1715 6244
8662 1544
9404 3615
4109 749
6133 4920
17 7937
5893 8163
8280 2228
3014 3350
8542 2340
5249 6862
4777 4098
9686 7372
7924 9535
9900 3134
7151 4629
1941 8904
3355 3389
4300 1300
6403 5689
1456 465
8174 3100
2585 2607
4655 2157
3243 6909
2696 8231
1363 6278
9743 7939
4667 7930
4002 5105
8785 7677
194 5494
5299 9680
2779 5621
1914 9839
773 6175
8986 58
1086 6757
9751 5863
7310 1366
5206 1710
102 5023
5889 7099
6332 4365
5847 1184
9674 7998
8275 5664
1980 2068
6533 7944
8837 3765
8761 7816
2908 5971
904 1609
9715 6538
5672 3527
6956 1651
9303 7194
3610 3705
4330 7494
1729 3169
9717 6998
5246 4401
5489 2131
5911 6292
1173 1471
3349 8102
7096 2747
5641 6531
9607 560
8681 3076
3429 8812
4670 9096
5858 1199
2380 7593
7585 5424
3239 3130
5255 2130
197 9875
7497 6713
446 2804
4272 5944
3213 6604
6839 6588
3893 5063
2389 4685
8614 9171
8666 7415
9530 679
9010 5597
4754 8527
4775 5
7551 4178
3911 6817
8318 670
2709 8472
1430 2703
4648 7671
5438 4432
4349 8384
6736 8084
790 8509
8001 5411
5477 1740
7692 2282
9752 9163
7545 102
142 3987
2175 1779
998 2282
2520 893
3259 1466
139 908
6400 6019
1142 6823
8290 5395
1244 4201
6378 8909
6727 3841
7685 9460
197
2074 5626
4411 5560
5429 6229
7871 8826
2151 6448
3473 1176
9178 1573
8270 4472
2536 3672
707 4155
9755 5001
4209 9300
983 2132
790 3158
690 4077
3444 4238
445 119
781 3254
9787 8195
9797 4884
3847 4257
243 976
1272 4206
5508 3287
8533 2791
1305 897
2998 9661
8430 8146
3573 8081
6864 904
1926 5695
5887 4829
4424 9864
6805 4700
5198 2330
9695 862
7933 5437
6696 1601
4929 7992
8943 8805
935 3873
2116 1255
2995 5433
4693 3599
8948 541
5989 5661
4288 4873
2319 4919
5312 7444
7007 9268
1014 194
6610 3384
2718 6586
466 7170
8349 3836
8648 5018
5443 6722
585 8018
6939 1277
6191 2094
3963 4355
1584 1372
9218 6471
816 4444
8188 8962
6306 4570
8088 9827
8953 1646
4500 6741
1909 8265
3367 3960
9947 2282
1170 7107
1162 9032
8590 8334
4436 8345
6112 8636
6229 6540
780 6759
8673 6959
5161 8880
3999 3534
292 1792
1279 8905
9241 356
1394 4864
6515 1630
1799 9079
2843 4204
1617 2435
9652 8023
8627 5602
9282 6647
1556 3992
4772 9680
5029 9325
8913 4529
8952 6134
7130 3095
1379 9324
6244 8702
2182 7179
2633 7085
3763 875
6165 4323
2869 6960
6488 9994
5288 6823
7861 6238
6194 2487
6730 485
5438 8616
1126 4800
5132 9350
3273 7580
2720 731
7703 5616
5051 5866
6927 4336
4789 9222
340 8869
2312 2130
7440 7588
2229 2368
7975 945
343 6468
6551 1171
4279 5995
4452 9539
4797 1611
3481 6537
6011 3256
4479 9987
5081 6995
2153 7010
81 9823
9682 639
4392 2680
1053 1432
2961 6312
2133 445
5079 6345
947 5547
7208 4925
745 4660
4498 4973
9865 8654
9 6802
70 5607
9532 6674
6923 7624
4310 3049
3011 7211
3836 4403
1159 9007
1152 4311
827 3664
5399 5543
1234 3247
5349 8285
6791 2147
9912 4126
8460 862
7703 2732
5896 3751
3398 5889
4518 2209
4999 7789
2996 243
6589 782
4624 629
9707 7326
858 5324
3957 7283
8602 6098
2523 1400
83 2459
1785 3510
7837 9418
3391 3363
9392 1338
6014 7552
836 8668
8462 8772
4236 4462
9733 8716
1721 9195
3589 4600
7259 537
8265 1488
8663 4444
3124 8634
8262 7010
8523 2217
9525 5545
5865 7302
140 1488
197
3759 8923
3975 5871
4466 7773
2425 4086
6422 3686
1237 8960
1664 3829
9191 8592
3323 9996
3460 8417
6586 3304
4362 1629
8768 10000
5210 1375
5631 9645
8441 5027
7168 143
4266 3608
4640 6810
9212 5115
5660 1345
9096 4986
5737 4970
8450 6263
8237 6812
4839 534
2417 6207
8386 5556
9269 812
6946 8793
2493 9294
1853 1646
9137 3431
2100 2922
4783 1239
9201 1238
4287 6851
8811 9287
7984 2545
9225 793
3919 5344
7746 6770
1340 8493
1104 638
2235 5831
8137 6208
8913 6381
3569 8396
5816 5285
3181 4498
4243 4503
7164 6534
2059 5581
9305 2727
5968 3245
705 5362
2489 8761
1031 1759
6244 8565
3794 6116
8149 3089
6997 7358
3602 5665
5946 2569
667 9631
3410 642
7512 5985
2547 2236
2670 9676
7650 9901
8620 1749
3303 154
604 9106
8327 4143
1058 6067
9369 127
2851 3149
24 6375
7134 2933
5394 9665
9127 2976
1351 797
5284 8062
9755 2773
5746 8029
4654 2850
7454 5999
7039 1410
959 2040
9562 3471
4171 8068
1039 7496
5506 75
6719 8009
9242 3670
5884 1915
9507 9344
215 598
5776 3637
5931 6925
6338 3404
3591 8414
9671 7892
9793 7759
1246 3489
6349 7011
6720 9050
8213 505
7392 6722
1936 8831
6032 3134
9764 8130
5959 8449
153 671
3160 9916
2495 5758
2518 6555
1168 9030
1548 9563
1215 2542
4522 6379
6452 9083
4519 7148
3037 2785
166 4888
9137 8269
5649 4036
56 2568
2504 5933
6828 875
5075 3990
7536 9053
5702 8574
5265 3747
8943 2221
8899 5430
4261 2108
6600 3604
3318 6328
8152 3526
7267 2254
1639 2706
396 9267
1800 2955
8415 5750
149 6797
1970 7255
5801 5422
6437 4632
6481 9672
6999 341
3621 9682
8917 7408
5047 5373
5837 8227
3956 1892
3217 9285
4570 1262
6160 507
1546 1970
4762 2316
7489 4614
8204 1928
4756 6989
8426 8080
699 8067
5502 4564
5535 7367
6630 9541
5773 7121
3865 8319
1658 1600
1544 4032
7897 2739
7653 2
9188 2249
3307 6468
5496 4249
2262 6715
9613 5501
149 8174
9168 1670
4732 5072
7476 5595
4963 162
3747 2862
127 1620
4169 8925
656 7043
2195 7442
5958 7484
9773 2567
138 6170
1933 9335
1470 95
867 3622
3618 4098
195
6980 1885
3067 3338
4382 6856
3222 4110
7270 2435
2922 6733
9399 5880
7894 9712
5663 4254
3518 970
2030 6141
3020 29
4474 2978
8872 1754
324 8364
7518 946
9686 6302
4969 7453
4494 1381
7248 8618
9343 8023
1034 4405
3818 4509
948 2344
8826 2490
1880 5596
7451 1405
3618 6098
7521 8281
7178 8878
3362 9784
1970 2534
6583 7761
9129 3293
3467 4772
6759 9749
9898 1740
9575 1911
4827 936
1983 3733
9703 2056
398 4111
1201 8035
2087 9247
6876 45
5365 8188
920 8417
7457 4678
8963 6336
1045 1998
1268 4777
4338 8915
4326 599
6094 9582
3768 3170
112 8670
7910 9189
633 7402
778 5907
9938 1102
7661 8173
2709 6661
9933 5244
7797 7354
7773 4318
7933 3518
8042 8690
4799 9210
140 3842
7613 4737
811 1316
6032 3422
8987 2291
6191 8883
2833 243
6515 2517
3163 1027
5799 2172
6932 682
1913 7768
6027 7045
5190 8641
1793 8391
793 3148
300 6465
5466 1358
2319 5630
2612 7990
2062 908
2581 2385
419 1841
951 2490
7907 6139
2058 9850
6497 5334
294 9498
7017 2975
5278 1397
2558 6136
1519 8635
5885 2076
9019 7576
6752 9859
2732 7781
4362 5882
5177 5711
4154 3516
4550 327
8516 7666
705 9773
7116 9300
8480 8847
9091 160
4354 6269
1855 3979
4413 3586
286 6110
3454 430
7140 810
8386 64
8474 4860
2276 7909
3297 6972
2326 1188
1346 3353
4706 4230
8133 7015
7971 6147
2839 7655
3776 1722
4907 4547
2739 6500
380 4922
4506 2263
4182 4722
5799 8465
4605 2896
5312 933
2601 1773
8641 4227
7669 2384
4218 7688
3045 8026
32 3855
8524 4214
5875 5235
3501 3022
2404 6506
8589 426
8421 1973
3055 3566
4567 7365
7257 3933
3623 4651
6826 7455
7027 3375
7807 8253
5383 5679
5674 7045
4854 4125
9705 4659
6608 2888
7011 7438
6192 6009
655 4960
8616 7063
4209 3348
5937 3928
4797 3907
1589 4969
1970 3
7387 9948
7099 4422
9822 9132
8317 7026
3528 7613
4795 2673
6567 5379
3167 3768
6138 730
3929 5430
5566 4172
4915 2333
7280 1127
917 7846
4592 2287
6632 8512
8884 3845
4541 3130
445 7379
1813 8421
1133 5355
7608 6342
9162 1414
1595 6218
196
5517 6792
9611 7580
3770 2815
1512 487
134 6276
2124 9153
6139 4193
2484 2838
1774 9300
8858 3159
7001 6469
1722 1671
6397 1801
9809 9283
7391 8944
4792 2720
4576 5397
6843 7163
557 2417
1780 668
4473 6100
1728 8171
9069 3139
5831 5030
1462 3764
9639 4810
4788 1571
647 3956
9119 3031
5094 8676
8213 1156
6895 8661
9035 3787
2333 8187
57 3803
5756 3955
5599 998
9707 2398
7248 4607
1573 6877
9098 8222
7496 5086
958 3243
8644 2217
9156 1616
1743 9794
309 1926
5883 4543
4990 8783
8691 9780
1463 7918
6272 4438
3008 2993
1223 353
9943 4760
1828 4040
7949 9964
4649 8675
5582 2196
3010 5973
8503 9106
2702 3644
3381 2920
8341 7457
4445 226
6773 7346
7188 6378
8673 4176
6270 1755
4342 2873
9346 186
21 9013
409 414
4105 3956
1899 7391
4560 6543
3808 7441
9497 3240
6119 6508
1054 2194
9480 7552
3875 7700
1934 2159
8136 9429
3574 9340
5006 8801
8031 4424
8915 8518
6280 9613
3815 2934
4319 384
9610 8642
6031 7231
8086 5105
4099 4115
5098 9429
1711 2225
8213 7456
689 5434
3205 8970
4532 1474
8638 955
5581 4343
5241 1872
4833 2617
5532 8559
7202 5647
2154 7384
4263 8611
7844 7341
8896 7349
7692 8252
4018 3250
1262 7994
3836 1625
2936 6868
4280 2241
2160 1083
9876 6463
4620 9700
1593 3967
3372 8774
2479 3134
8175 7634
6081 441
1666 2504
6886 1183
8298 2
7901 5468
2333 9268
9227 6185
815 5992
3121 7106
4228 3290
7986 2151
1788 4816
5043 9845
7184 7865
2712 5559
2598 5110
9083 4746
1422 8387
9908 4991
2773 5643
8717 7972
8917 9535
2173 3912
2134 4849
7694 1127
9968 213
6693 6807
6614 5079
2243 5124
7116 7019
8617 6323
6185 9522
8252 3692
4371 4555
3880 5497
7580 2083
9701 5914
8069 942
7723 436
2512 4196
8326 4019
9611 2336
6422 8370
7708 8505
6402 6682
3999 4718
8176 8760
8808 7328
4270 5191
1213 7770
3720 6346
5387 3694
7047 3545
6541 5302
5320 4448
4979 183
7988 7736
7964 3386
1628 8279
6987 9836
5610 8407
4562 9273
8018 961
6882 6887
2338 3821
9325 1384
4374 1065
8536 9661
2135 4770
9478 4774
7044 9216
6159 9750
196
728 6881
3904 5385
6384 7213
1042 9787
6372 2709
7053 5711
7335 1730
2861 2807
5187 8134
9095 1908
6674 1668
1502 6262
2389 1372
585 8320
8644 4471
8008 1131
716 9026
3530 1170
1431 4040
8385 5451
5527 746
8631 9490
7160 6978
8940 9301
6180 7303
8888 8415
9528 1001
1407 9254
6704 6821
5892 440
6387 2609
8270 4313
5831 3881
1579 3787
5661 6610
2201 7790
2821 1509
3177 7652
392 6083
2525 1683
5366 5728
1806 2896
980 3169
9271 5532
7661 3623
6143 81
4097 875
7343 6648
3264 6392
1940 6562
7601 4680
9040 1980
4355 3398
1541 9828
1527 6711
60 2406
7398 1683
8017 6087
1184 3778
3613 6212
3258 7899
9007 5195
4637 1265
5286 3367
283 8862
6125 3407
7802 5912
4933 1003
2879 9788
6834 8569
3934 8197
7781 1402
905 3657
6037 1842
486 3991
5921 7516
7139 5112
7433 1429
3351 6458
5947 4254
5657 7009
1886 6242
2928 889
2697 6424
7895 6548
3502 1185
3178 5249
5088 9530
2253 4904
6239 5676
3146 3404
1961 6112
1403 1957
7187 6140
1199 2713
1975 4191
6257 7535
1210 2865
1250 7190
2895 9927
4534 3883
3449 9507
7179 8178
705 4279
9798 8659
7417 739
578 5759
7497 4340
8272 1530
5349 1300
971 4828
2228 6611
3733 7398
6783 9536
1729 4686
6707 693
3017 8934
6968 3293
3981 7781
9624 1350
1161 1903
1403 749
4829 1268
2344 4961
7152 5247
503 6074
1149 4363
9156 2069
4535 1501
13 1890
8444 6488
5990 927
4737 8878
8814 3494
9039 3701
3804 9914
9015 2642
3332 9712
1143 2620
9788 2150
3999 2223
7588 6844
8664 2885
6251 9318
1126 5264
7597 5661
4900 5301
5502 8782
2483 532
3884 2620
6977 5997
8208 6817
9250 894
696 9845
9332 3422
9510 6483
3368 6538
4707 9651
4145 2799
2118 6241
3660 9367
6681 6435
9281 8826
2010 9658
4745 2952
4597 4339
1947 3898
756 9064
3003 124
7992 307
9054 4434
1622 3254
5837 4152
9522 3344
745 1394
8837 1095
8694 3945
4194 7296
2397 7147
8575 4311
2536 7798
8188 4571
3537 5579
2119 5080
5977 9349
419 7616
1866 1693
2767 2422
6282 3961
818 3652
8734 495
6062 7262
2398 3200
6672 8988
3820 7670
1543 8738
