10
195
4475 5078
5738 981
6476 7531
949 3032
5840 8965
9589 7903
3886 1510
8226 3788
8897 4247
9618 1044
1218 3426
7459 8983
8603 1310
162 5652
4500 891
9812 2597
8191 8156
7797 5712
1848 8439
3384 8943
9457 5365
6581 7959
8216 2680
5826 3992
1469 7169
6771 4226
7016 5440
231 4586
3419 6827
3073 3167
196 5407
4847 3460
1438 4195
9774 6780
9587 4951
1432 7850
6674 1392
8321 1936
7773 4869
6739 3300
4076 1525
1494 7711
9641 1449
6040 2174
8375 7141
4668 2721
8132 7860
3259 7206
7301 3934
3682 4807
7493 1640
9251 7308
6381 1261
1085 9951
4055 9963
2590 4630
9497 3212
6193 422
9660 4342
9676 2477
7561 7731
8964 9597
5904 537
5032 2038
261 4824
6691 5925
8302 8667
6836 476
9259 6964
4752 3518
2226 3092
9874 4921
7463 2944
7131 2654
9817 5343
8355 5214
8926 3202
8601 7823
3949 5154
1421 5680
7752 459
3909 5199
2538 1144
3441 254
4515 5559
2509 3669
1585 9015
2972 4084
3923 9572
9279 3040
2335 8423
3437 5395
7266 3875
7543 4092
3509 2513
3523 6189
4890 948
7645 5022
6217 9258
5668 2094
9572 5121
7245 230
7352 5528
6802 4666
2483 9828
9273 4113
2490 8131
6853 6696
6419 5264
3797 9648
7650 5754
588 2163
7342 2482
6848 172
4991 4048
314 3754
5353 9675
3812 3315
6830 6666
4532 5259
1693 5350
6465 3074
8011 5381
1773 7949
9718 572
9935 5859
7893 8601
4855 538
8427 3031
2251 3530
8975 6480
5989 9377
8752 7235
8677 5289
3997 1748
2498 5987
2214 3277
7798 6788
6077 3767
7945 7560
1733 2159
2745 6450
9764 8682
5310 1662
6192 7222
7064 6623
6167 59
7182 7542
1357 6699
4090 2439
2850 3912
3431 4378
2304 8142
8974 9351
8181 3303
7954 4887
2043 8656
7816 138
415 9637
8697 7381
6578 9465
348 9431
7263 7828
623 7279
4701 978
8781 6538
6102 3142
9270 1591
3243 4522
8024 7414
8034 4592
8198 6635
5497 3527
9210 7286
9889 6698
1482 9679
1897 2013
8057 5165
5361 4536
8144 7534
5024 9343
2835 3476
301 8099
8316 8009
7101 7354
7515 8505
4411 1188
2545 84
9660 7635
6455 5182
3510 4330
4935 7743
3685 5969
9864 4095
7358 7215
196
7146 9035
4466 5949
8398 705
317 909
2787 7601
6186 3442
1157 6682
1897 9767
5520 899
7751 2912
7602 976
6405 4678
4261 4143
1886 374
5152 7351
8452 2445
6302 3256
4934 4297
6150 3730
8840 2974
4001 680
2387 8617
6300 9793
7382 7164
9024 5506
5155 9817
6662 3347
6602 6186
6290 4508
4501 9468
6673 7654
7571 7214
8456 499
5207 5004
5034 5106
4754 4622
8990 4830
335 3638
7513 6875
2593 9138
9828 5211
1360 8757
8278 9669
7689 9041
8641 981
3598 1108
4598 8479
18 2966
881 5861
2090 6753
4644 5827
5522 9903
477 2237
6569 3276
4947 8610
3711 3268
5393 1404
2098 2834
7715 602
1367 6511
41 9480
3300 8346
1846 2639
3109 1025
1593 8605
6378 5980
7905 1805
6631 5691
1216 5249
1288 3637
3078 8598
9367 6928
8693 623
7040 8981
3847 2721
8236 7776
7049 4512
5993 5650
2921 1245
7045 5356
5387 414
3787 5077
458 6352
2079 5726
7218 4566
6174 8736
9761 363
8205 5766
5654 7497
7625 6593
4690 6157
4534 3048
7807 196
3927 842
4827 2398
2876 7079
5949 6056
6748 3320
3531 3137
4303 2284
3673 7301
4808 3520
4216 1445
3478 1450
9631 6358
1768 5963
8041 7216
2485 8545
6005 6894
5941 229
6065 4397
7393 1245
8245 5444
4712 7318
2728 8123
911 7748
9745 4298
2714 4055
1183 1023
6011 7524
5503 4526
5769 1565
5018 8367
6512 5641
5645 4312
7496 5577
5264 6263
2394 6185
5596 3834
9526 8905
6401 6007
9189 4850
9007 672
2715 4095
8535 1011
9792 6324
6907 6567
6032 8578
1730 2841
4163 2404
1669 7549
5194 2063
9737 6939
8874 1161
603 6474
1010 2178
7790 8831
2406 9956
8836 4126
1144 740
3188 1229
5601 1463
1107 9314
5137 7101
9152 6170
3383 4772
6472 1222
2745 1098
5924 6040
4657 9665
3006 9148
4152 1246
7668 9827
5862 738
3488 4553
4108 446
4727 5552
8547 5970
3905 9825
8915 1195
1649 5840
1215 318
2636 4639
5379 6450
7009 214
5827 6947
3448 8248
2668 4366
6618 8152
5389 2139
2356 878
6170 4183
1706 9515
3417 7229
7349 4941
8750 3933
4935 1245
8125 7311
3339 55
5613 2199
320 6815
9222 8477
2606 7866
5340 5754
6670 2651
5292 5915
197
2811 1124
4299 7078
1879 3132
1976 9097
2940 8285
8072 8796
4719 386
2194 3135
8812 2551
1874 1514
8630 9848
686 6237
870 4363
7462 6279
5220 8728
3869 1498
2073 7170
6320 4942
672 2643
7048 5432
5892 6698
4593 5914
4911 6632
8957 721
1223 5435
2498 9962
1937 9399
8822 5055
2206 4433
8231 4558
7496 6357
7391 7840
7647 8704
7322 760
7595 2243
3228 9856
408 3772
846 4220
1334 3688
3682 3183
5692 2609
2349 7582
1181 5532
8362 6011
6126 807
4138 5171
3907 1094
1258 3812
6788 6232
6422 3036
1326 5647
1744 3591
7479 2164
1603 7636
4192 2561
1729 6206
641 465
9335 3378
9090 6875
3341 6554
5723 5250
1111 1380
1241 1284
8819 4712
7267 3934
6344 7698
9690 6504
3628 898
887 261
3193 1808
6888 40
3597 4709
9483 4396
5903 4417
13 4387
9022 7102
5555 1405
1540 4180
8716 5544
2381 5824
9008 5227
1301 627
9442 499
5860 4925
708 9214
6444 8023
2866 6564
5279 1452
5262 2095
1721 2021
4981 3592
1155 6438
2900 1347
2877 7205
4794 5190
2859 7718
8139 6635
758 7446
1510 7294
9204 6003
4723 7510
5256 7495
9280 1513
3854 4383
7681 493
3924 7162
8185 7580
6731 9325
9539 4592
2836 4477
6983 4959
7761 7834
8150 4565
7712 5121
435 4238
5472 3928
4837 7676
634 3538
6826 1119
6429 2772
9587 3394
4775 7104
8395 8359
1994 3936
1967 9907
3887 9357
5126 2575
6702 4404
1551 6509
1918 877
8604 680
8188 6589
9016 3424
4656 1354
8809 7360
4858 9372
1272 4717
1946 4437
8165 1821
1027 7482
1130 8489
4765 340
3186 9851
9590 797
6091 3129
4352 9022
8142 5358
8427 2611
7263 5597
9023 6933
9664 8931
9006 6625
3071 5311
2932 7842
605 1568
2362 9953
6949 6795
4352 5225
2690 834
7499 2604
3800 3461
1613 1240
5368 5847
6473 7755
9763 9524
1496 351
2615 4286
7419 9473
9410 3362
1944 5126
5913 738
2208 8480
2115 6496
1612 2212
1899 9477
7472 6784
1441 7851
3557 6975
8391 3331
1288 88
1647 6307
6006 9406
248 6453
275 1932
643 2003
2278 8565
9787 1708
8058 7770
2654 1548
1431 631
3570 7303
5715 7056
7594 5505
6209 542
1614 3708
4485 3334
1236 7770
197
6911 313
9324 7416
6497 213
9345 840
281 6368
8212 3065
1799 2841
3481 7137
8478 7367
6891 9605
3482 5820
9791 7835
4784 9459
6918 5426
8793 5925
2261 3441
8903 3632
6433 6009
1218 7043
7160 1578
9468 2699
5359 3087
7718 7591
1030 7954
8757 6412
4597 1741
2880 266
4700 8084
3537 8771
1431 8862
2675 4111
4221 1428
50 1413
7678 3260
3158 8485
5821 9857
6238 1611
7742 9349
8415 8565
9507 4140
1307 6688
6491 8263
5350 8780
5609 3985
1820 3488
8379 136
1819 3729
8083 9619
2959 7921
8388 4252
6450 1898
3545 4418
9183 9005
9108 6629
2091 9828
5755 5463
3614 1849
331 7954
5604 1123
1312 1326
5662 9672
8322 4157
8127 2159
201 9024
8574 2565
6232 5682
4971 726
710 1611
7745 3019
2014 2513
7846 9962
3512 5545
2992 4201
5164 4001
736 9297
8596 142
4971 3287
6569 5684
5274 6445
157 3297
9246 8014
2269 8493
3769 7651
4794 4263
2263 5438
7118 712
842 4601
3046 6326
8405 556
5555 7178
644 801
154 9112
4805 1323
3496 5719
5765 1635
7564 9617
5407 5829
5310 8408
2483 7139
5331 9097
6704 9850
6997 816
7437 3659
125 9232
134 1397
8606 633
20 5896
6411 2566
422 9256
1143 2428
4682 7405
9347 4043
505 2989
9519 4188
6996 840
8705 9971
4601 1739
2123 4307
6185 8754
1987 1385
5287 1133
523 4541
8274 7912
9581 1550
5729 1555
3856 9137
3250 1797
2513 4073
5480 1056
8532 2026
6572 5882
869 6354
4658 2953
1726 4723
2452 5459
6355 9778
5284 9960
2920 8452
3282 6902
323 932
9468 4697
5254 7435
6187 6643
7224 7316
3669 3054
8337 4214
7441 955
1027 2435
8198 1406
7451 2128
3901 2500
6950 5252
5893 234
9121 90
3708 8971
9237 4300
1095 6239
6017 9968
4291 727
9666 3860
269 3635
2278 9826
8067 334
5993 5687
8160 1252
3459 1225
3581 3921
3891 2561
7883 9074
3585 1009
5051 1433
7219 116
7546 9582
482 1416
4472 2645
1167 8601
7746 4917
9386 1530
5363 9390
763 8302
3905 346
1986 6767
770 2562
9600 7003
7003 1136
8711 310
5587 3669
741 7733
2987 4933
4715 9198
2381 6672
4801 2446
4332 8343
1775 4839
8007 3000
154 8187
7890 414
194
6170 9710
8436 6044
1323 8583
5554 7746
7696 8920
6180 9717
1847 380
5477 7837
2686 8338
7659 5955
5213 27
1592 3485
8267 3094
1412 802
38 1857
3446 4713
9692 4293
7269 3637
9210 1442
4633 7875
4908 7330
1781 6732
8475 8741
9646 5835
4055 9546
1583 9516
6922 6567
2047 8734
573 6923
7629 2700
422 6792
641 4882
914 9879
6126 8447
8530 7086
3551 282
337 3667
644 7709
5686 2508
4817 2135
8118 4716
9313 5286
3304 3070
7083 2677
1141 7707
3944 7442
880 4640
1568 1136
7669 944
6639 5832
2794 7377
6699 6468
6170 8376
3515 904
2012 8481
3700 455
8514 4200
5757 2425
1361 6419
2329 9861
9431 7930
8381 5473
3275 3670
9177 303
3563 9047
1544 6980
9023 7997
392 2976
999 7342
5917 370
4518 630
8854 350
1594 5070
8237 8927
1628 1688
9634 4549
4952 1769
9387 5931
3804 3368
3521 1220
7220 664
8655 9497
7166 4987
7760 2322
3243 6734
5588 8100
6924 2039
873 8723
1250 5646
4861 7140
8222 1113
5568 584
8074 84
5683 5726
9167 137
3961 4704
3404 6578
6191 2145
6070 5262
4261 6758
8288 8780
6336 6188
3601 7350
320 9317
5872 8085
5046 6506
5631 1331
7826 9208
7441 9422
205 6522
8002 8644
5818 7512
6057 2738
3090 7759
3562 1556
4109 463
1417 7507
1556 6468
3653 577
8534 4108
9175 9479
6211 1456
7917 27
5341 1585
8387 4839
2776 1646
1313 6342
8327 5937
4222 7104
2277 5963
1418 9674
149 2176
6742 3882
8993 7923
6633 4407
8378 2818
8582 8131
2073 553
3620 6400
4547 9916
5161 9679
1935 2510
8630 160
4620 8879
1401 4168
6088 1682
5613 1967
4159 7555
6217 7422
5476 4784
4617 8512
7545 5737
9779 2447
8905 9041
7708 1844
7707 8389
5131 4504
8153 6951
6449 5111
4368 6349
7128 2549
2225 4595
4516 1972
4310 9731
9197 9203
272 2600
3794 262
8862 5726
3538 1404
6963 2100
3102 7679
6518 1019
4736 6757
4481 9425
1602 4820
3902 7282
7261 7799
6726 2984
1137 1235
4895 7827
8935 8149
7359 1547
4830 4263
5068 4302
7194 9706
7246 18
3614 4058
4228 9641
4410 2047
4748 8701
2775 2933
2630 1963
1072 5275
856 1282
199
2536 1276
7331 7627
3778 9114
9128 6671
7220 7004
2072 9450
7360 6124
4016 439
793 8765
8114 1247
7581 7277
828 4345
9857 6446
6931 6592
9132 4748
4755 8159
1161 2248
9147 4189
3762 6253
7047 9127
3043 8685
4285 2561
28 3401
5179 4967
2352 4081
8909 3562
9513 2234
8751 1941
4995 7038
3714 8054
803 5098
1746 6379
3788 1573
2752 6195
5519 7163
4466 7949
7129 2218
75 2706
9708 7111
5384 3183
8573 9867
8437 2217
4755 2485
9055 3835
9562 5290
2744 733
7919 5026
4801 913
934 5664
6914 1783
8696 9316
7829 9478
6563 70
8382 8306
9285 8780
7745 5965
5216 5318
5891 5576
725 1968
4223 6370
3430 3212
8681 6751
1917 8214
7963 7722
8371 4335
5339 7842
8615 2785
5794 3145
3486 3711
4547 902
4774 1895
6636 1207
2208 7624
8662 689
359 8494
4192 8592
7430 5951
6031 9464
6111 182
9013 5296
1576 3805
1993 9100
9238 2917
5156 4015
7754 6323
1443 5117
9255 5865
9111 3961
5337 5177
8367 2920
7700 3991
8091 1231
7006 2463
6262 3723
424 6405
6724 4433
6032 5916
1975 8514
8086 588
7432 698
7377 5673
4878 1297
491 9040
6901 697
2915 2598
3506 5683
2176 169
3044 4067
4805 553
2337 3243
2834 8204
6068 3539
1461 6138
1762 7834
1439 132
9136 7086
4153 530
7027 2161
2259 8680
2922 112
7261 6409
3086 6624
2405 8113
9648 9038
5557 1964
110 6387
6418 3528
9873 214
7890 9613
9456 4889
3230 5747
7896 3828
9112 8694
4501 549
5725 9317
1497 7973
6163 3107
7008 4117
1683 7585
7323 7674
5096 1928
9051 6160
6537 1332
5442 4520
7100 1533
7268 3437
4306 8433
1793 4745
4238 8851
1397 3525
9266 9859
8271 2255
6639 5583
4845 6520
3619 6641
5622 5810
1231 453
5768 998
4441 4046
8688 2564
4090 9651
882 1985
8525 4969
3430 3000
8232 1905
6378 3830
6133 8095
3786 1855
9759 5139
2836 2451
1501 534
6222 8170
8210 750
9194 2003
8445 4155
6169 9450
1091 6254
2414 7334
4292 6534
9248 3811
1204 4102
7595 6174
136 4671
42 2080
1034 5823
9235 1312
5905 372
3718 3735
2833 5011
1734 3795
3109 141
6742 2125
3143 6910
2158 4100
1730 9546
9923 5675
4109 589
6970 2581
1992 7908
196
9306 5941
305 6890
7065 6219
1337 5898
5342 4136
2597 3285
9254 7589
9774 6145
6100 883
3648 3005
4902 8180
7820 9598
4819 6407
1145 3103
5945 1569
3965 5210
3195 6644
2827 2575
8751 8181
3155 934
9921 7864
2598 809
7978 5374
4504 1114
1807 527
6174 9567
4072 5046
4212 6400
9553 9448
8036 458
7693 7314
4481 6028
209 3667
2296 2012
3854 27
5593 8994
7602 5211
341 5068
7359 3654
5090 641
6430 6646
8042 2971
370 6285
7733 6307
2860 4713
5161 8378
3016 943
9407 9344
2882 9628
5631 4818
774 7669
2614 8475
4530 2144
6135 1026
8043 2837
8631 4979
2345 1473
4655 6375
6385 5155
699 7611
8255 2358
3823 3790
24 2053
7957 3388
1824 5938
9854 9034
1505 8097
7888 8749
2080 5777
5416 9887
6698 1465
2602 5504
7886 6532
8972 1140
7104 8471
436 2640
6437 8494
7471 3742
703 7746
9278 990
9596 930
8955 1980
3412 7298
5538 4608
6212 3446
7371 9429
3998 3384
449 9571
3004 7319
8893 3758
2460 189
7357 6855
273 4441
5372 7360
8150 7084
4309 5421
6385 39
2325 1688
162 1799
3307 6745
8935 1496
7399 934
6670 8882
4818 4763
2093 2496
2809 2932
1297 3400
2964 2019
8236 9336
8214 6805
9117 3483
9187 1523
3317 1620
4434 8528
3483 8951
2058 3298
1702 8553
5870 7160
8698 3015
415 1626
4535 5715
9331 279
7268 5631
3783 9041
3209 9455
2662 172
5648 9149
632 3504
361 4482
4580 416
1580 8833
4238 8381
9060 2143
9814 2626
4481 1500
8085 7180
9930 2649
801 3228
7198 5208
8011 2692
4789 1159
5456 3538
7317 6421
5135 8762
9867 8689
2006 3277
5320 8749
4069 3045
6389 4978
8033 7688
4522 8220
603 8895
9581 2291
716 9307
2830 8145
8863 3214
9 8193
6950 5212
6377 6839
7663 5727
4304 1692
2921 854
1522 8252
4402 1397
8468 6007
4591 8791
9791 1962
4768 8479
5514 3846
1573 1520
2418 5605
188 5416
1085 4826
4983 6691
6980 8365
8488 5188
7990 8166
2233 8659
2904 4570
1366 8067
8389 7783
4969 6564
9587 4383
5560 8405
6393 97
5 2772
9544 8047
2892 5185
9338 3929
6597 422
1337 6703
6057 3744
7179 5881
7438 9092
2255 2925
8334 2183
193
9215 5553
1964 8173
6087 5038
8272 2201
6940 1250
1227 4764
5587 9506
4004 2288
8257 5810
6809 2397
7964 8280
5414 2934
8938 4660
2867 3889
3111 690
5976 1493
5748 2374
3379 226
7853 6173
5940 1
760 9293
6236 4254
6675 2854
8483 9542
7157 1099
7432 7982
3055 9121
5437 6480
8063 2149
7490 5691
4285 2203
7361 6665
301 6893
2546 2783
2474 5826
4451 9127
9220 3655
539 5203
1658 9188
5193 7707
6930 4873
5590 4535
6135 9497
1470 9572
4305 2706
4292 9290
3294 6106
5335 3664
4670 7766
9244 6595
6574 2237
2907 6387
6677 4320
4900 5853
5699 3697
2095 3972
8929 1331
8907 8139
7205 1928
5717 6984
6205 7270
1075 3994
9301 8614
546 7260
5399 2780
568 5575
6459 1540
6999 5727
2473 512
3586 6378
3317 9410
143 9205
7341 3567
22 8618
6098 4402
3997 1476
9225 9407
8172 9134
7727 4303
65 8717
5546 1707
912 9261
2029 1441
5855 6915
4088 8905
4293 3685
1147 6984
3748 6825
5448 1601
4634 9353
8151 8523
3451 5503
9030 5865
6258 5739
5093 3517
7594 6243
3067 2530
4953 1379
3533 1223
3437 8578
662 9429
6140 2957
4959 7666
3536 938
3088 6708
6771 516
9452 9537
6335 7649
8415 9374
4535 1270
4282 807
860 7756
8019 2311
6263 5215
7841 7062
5671 6559
8897 4776
7092 1095
7861 9604
7626 7354
7526 3247
6145 2227
6471 9341
7256 2785
3669 9876
3954 4878
1955 6650
1115 2860
6081 9454
8052 2770
2952 1482
2167 2473
1026 8566
6334 6819
7727 1187
3416 2194
7388 6914
6811 8414
9740 1788
5496 6033
6586 4877
883 3982
5268 7530
1756 4500
4718 6081
8426 6883
9151 556
3698 5519
8170 517
7901 2654
4257 8209
1834 3650
6183 1723
6654 5537
2582 2197
3868 8560
7118 5193
2306 846
900 9818
9585 2232
2660 3794
1913 8925
6937 1038
798 1998
9930 405
9740 5142
3884 1983
7679 4011
9697 7439
4252 9038
3755 6975
9785 9533
3943 5843
9506 7738
1744 6745
1503 1108
2837 3217
7733 806
8587 132
5536 4172
7521 4356
2202 9361
116 8783
2368 3905
9867 7756
3610 1082
8221 8752
1016 2837
7 6019
7683 2794
1795 3238
7424 7862
5650 1390
194
441 7876
5589 9641
6680 9354
9210 9584
568 3474
9768 5545
3637 1508
2401 8394
699 5516
3703 1335
6927 3716
5738 9753
5030 1497
1187 6184
4742 5195
5586 2344
2707 3326
2991 9679
2401 8818
1556 4471
8198 9513
3918 8057
1438 442
7194 8337
606 1331
4378 342
8143 5809
1336 2068
3362 9075
492 9761
4370 7070
1586 5603
6156 9270
5225 8049
4203 6926
5700 436
1540 3383
5293 2097
3041 984
4645 7570
4940 3980
5782 268
5880 4186
1663 7408
8466 8691
9563 4198
458 5975
8920 6417
8468 5608
3046 8380
9155 3186
3781 1294
2047 8254
594 3197
1145 7512
8784 97
1210 3042
18 9075
5157 7521
4782 6380
8320 3746
3988 8270
3854 9732
4465 6067
8104 8448
600 4133
2891 8373
5000 1494
6299 3689
8798 2904
5194 9079
5926 4684
9337 749
1152 8599
3558 5672
6153 7393
7436 3916
4237 9643
8476 3579
4313 7136
5420 3368
7982 8537
2610 8015
7585 313
7387 8865
3005 4372
3997 5489
9739 9549
2429 6927
6423 5897
7895 562
3218 9310
7385 2119
1812 2126
2688 8216
6435 9926
4869 6292
1376 6738
4013 9387
6792 6819
9643 3060
1407 4871
620 7984
1132 4049
5679 8450
9693 6962
1122 5976
9703 4434
2882 5000
2536 7278
6240 6625
9254 5838
7922 1814
8697 4378
8026 7835
6088 6041
7439 4963
9805 5011
2677 8595
8604 8373
5216 9633
3640 9294
4972 6655
5308 9102
3659 5783
3231 6148
7257 9435
5934 9800
8730 8831
4667 1738
5341 8249
3329 4667
1120 11
8727 5907
4470 6371
8725 1805
8652 6546
3416 6755
5001 113
9385 6365
2897 4459
5401 5070
5087 541
563 8465
7396 3949
3951 1530
8798 525
4757 6914
1992 3711
7041 2981
7925 231
7442 7893
5974 3910
4501 609
3258 4857
9635 8521
6700 745
5512 7911
212 5570
8837 697
5626 4037
36 2301
9037 241
1474 112
6086 8539
8270 6215
252 6417
5592 3191
3391 9091
326 6204
3353 9826
840 6959
9366 8758
7584 9910
7858 347
2952 9966
7976 6499
6470 3168
4512 6944
2315 5585
9334 8018
3453 8944
4601 3454
3414 2704
9507 4186
956 6410
7076 1489
3229 9118
398 6551
154 3422
3168 9136
9442 304
7500 9098
8794 4016
198
2483 2005
1175 9826
803 888
6794 6735
994 3541
1041 58
714 9595
3134 12
8093 1424
8716 1389
6342 4223
8629 9383
5405 387
1616 2772
9768 8349
4048 961
1162 623
7539 4160
6921 7685
7475 1103
7518 5426
1279 4269
5745 6887
40 5860
5438 896
6674 7503
7739 7187
7219 7354
493 5874
2604 3073
700 1782
40 6798
2418 2081
6069 8665
3164 6934
8002 4555
4007 7920
5223 7541
4607 7813
8978 8829
6491 9080
7552 2078
295 2875
7837 6352
1121 6289
6726 7306
5269 9546
3391 9005
9283 2116
6457 267
9281 9579
3827 3381
1539 8773
7235 826
664 6026
3897 7833
7434 7347
4076 4312
8596 793
5715 9493
2097 9918
4883 7962
5048 455
9528 3889
7204 7463
2507 4132
61 1054
5841 2130
347 4764
176 8767
5428 8360
7599 6254
9850 5180
8415 6142
2688 357
9627 7277
3148 2289
4363 8798
8044 2768
938 7787
1512 5403
2802 5119
2960 1311
3177 1228
5303 7464
9560 8097
3043 8790
1826 6569
873 3707
8948 6686
1645 6275
7625 9181
3453 236
2128 1223
4053 6411
8174 5563
1375 5543
4817 5125
3002 9962
8390 9913
7722 6143
4389 6553
1439 6935
3025 3389
438 8650
9013 1045
6061 2073
2372 2795
6551 3172
8552 3441
9513 7470
8964 4974
6711 8501
9058 4119
6716 9899
7131 6518
9182 8779
1178 7378
9477 9055
3318 5729
6468 1541
1172 9391
116 2869
1424 2030
7371 5804
4070 6024
6983 8058
3225 8660
5622 5629
1630 2177
2687 9258
1756 1665
4330 9104
7867 1865
1879 415
5727 5424
5611 8437
3011 5037
4535 9131
6575 3790
9084 4197
8456 7986
3772 6730
5334 6289
2548 950
8519 6091
897 8037
7964 2780
8508 1413
6520 4371
9573 6659
6442 1462
3206 4408
5468 5164
1196 6758
3048 8597
4576 1709
4491 651
7501 3124
718 4639
1079 5035
9184 1846
9906 9981
2302 7435
7979 3737
6010 9740
2498 5927
2950 4750
2339 9553
7313 3231
3262 9306
745 7919
2071 2117
9917 4316
2317 6694
6336 7231
4367 4048
1638 2772
4841 1627
5768 1248
517 5415
9080 7493
2457 4970
8379 5460
3430 3917
1998 8969
4615 6299
7016 8370
8373 3283
2944 5636
2081 3186
6771 7397
6825 7218
4395 5481
6016 7472
7839 2489
4449 2446
6414 2119
