10
196
3781 5880
5759 6283
3271 354
7533 6545
1221 7566
5471 7035
3577 4186
7202 7407
9746 3429
2817 5274
7672 8032
7199 6957
7642 2081
9722 2708
7097 9033
9374 9598
3615 1153
9098 312
9485 9352
7622 2639
6722 8695
2091 1681
470 3189
9091 3639
825 8019
8261 2039
9366 4254
4186 8148
3444 7227
9877 2027
1382 6638
801 5915
100 4358
8927 610
9533 1559
5976 7734
4676 852
7015 5558
9662 8423
7578 8394
6541 2012
7695 7477
9680 2105
9181 1525
4414 8363
1660 5174
7083 5086
1793 3893
179 402
5468 5611
2781 3117
4995 2961
2817 6447
4650 7789
5118 9181
4484 1578
4539 871
5582 5547
6272 4818
4620 8484
8455 2693
9895 2945
1100 99
2344 7483
2167 6948
7580 2262
6906 8116
5884 9331
5082 1362
6808 4336
1672 4153
3605 2032
924 7176
5157 6642
6482 1842
4332 3448
7209 9816
1259 7564
4300 8517
4290 2103
4345 1766
1808 9970
61 5921
5234 4657
4671 8136
2489 8155
1279 3383
2012 1324
7658 2618
2561 6213
9799 2651
1597 4596
7411 1652
641 2098
915 9544
1878 2044
577 8572
5742 5247
2964 7463
5006 5739
4525 3434
5407 3846
2205 9538
3470 9072
1581 4383
1152 5488
4073 4989
8976 244
3360 6495
9963 8236
8712 6159
9797 7192
7425 7445
4709 4728
779 6270
8369 8892
775 2077
9447 4881
7726 3036
753 2953
9464 5870
3512 8539
9282 3066
30 6054
9805 8071
7693 1085
6430 134
4100 1055
6971 8048
5517 8009
8373 9144
5209 8906
3310 9245
8408 227
4339 1606
3778 2703
7459 4015
2496 9395
1151 2172
6579 2192
6806 9668
803 4177
9652 5356
1073 6512
2726 1338
4080 3075
6942 4506
6027 616
3799 1056
4873 598
3275 9741
9171 2183
687 3410
4148 8739
7955 6343
7697 9053
8969 5467
7414 7493
5217 8762
9860 5209
5435 9636
6708 1452
5928 4907
9697 5088
6429 7129
4806 5874
9510 544
2276 9066
9932 3471
8500 1524
650 4247
8837 8979
322 6736
2616 490
4124 6788
501 4005
8556 4233
1074 5473
758 1782
9012 1473
4646 310
4659 4075
2696 7706
7985 7049
5976 6255
2633 9997
5114 6163
7387 5561
9187 4978
6241 8153
2478 5537
5864 2154
8915 8528
4433 7942
9672 1864
5162 2665
195
9617 7750
583 1230
4578 5804
3019 8294
9417 8178
6147 5688
1410 7567
3876 9212
1062 2604
4027 4436
510 6216
3730 9770
4472 819
6942 6930
1182 9272
2552 8895
4864 8215
9560 1841
8766 2110
1564 2083
3670 9574
4995 7045
7616 6311
345 4642
8907 5589
384 5275
7203 6951
9915 4501
1508 2453
5128 3349
665 243
9776 3761
6267 9328
753 4860
6890 1783
1832 9834
2488 4569
6635 6333
1868 9680
5372 7222
4501 7
9230 4602
355 6018
4556 7176
942 6983
4395 9740
9202 2462
4983 1654
2316 5015
2364 3907
4304 7872
2557 8477
8666 7892
6174 2157
9273 4472
4441 3848
4227 619
6222 6165
3900 9000
2531 5206
5823 5472
7322 6874
2000 2901
2612 5210
1026 1122
9562 8375
1509 4744
7568 9755
1005 2983
6813 2608
2994 6561
8992 9182
143 4223
7062 6883
690 9236
5624 5591
902 5693
9549 599
9973 8353
3794 4285
1757 7347
8166 2277
5103 9970
6896 2508
3708 8606
9129 7771
2863 1117
4830 5546
2252 8924
5326 3497
5592 4735
6994 97
6903 3756
5011 250
7261 858
7481 8065
9591 9576
5731 2901
1265 3605
7625 863
5632 8774
1665 9858
9792 4746
1250 7826
2014 9557
9717 7890
7468 593
4154 6275
5112 2367
5623 2670
8692 8313
7617 9218
4578 4325
6481 4775
2573 9985
6249 6618
9198 3372
9724 9141
2004 3842
5306 4912
2331 8161
1705 6603
6333 4697
9423 2601
9304 1867
3872 5053
8435 2509
4133 1812
7690 1697
1474 4006
8452 51
7089 7691
4298 2481
174 9891
5244 325
9315 4010
6270 1699
4477 8938
5984 3487
7739 6821
7481 5775
427 2378
9884 2470
3819 2753
770 5071
7808 3740
2241 6813
9324 9447
5779 7613
4343 3807
9977 8019
5959 3220
7009 9986
882 9001
133 1884
9309 4216
5983 5316
6430 9786
4481 8377
5890 8819
3435 7650
4515 629
159 8050
8702 7965
6875 6173
9588 9896
9312 9800
5632 5264
1894 2256
2600 5976
3833 7805
3921 9353
5244 4805
5249 4209
4118 4680
1054 1687
864 6192
1140 429
6235 640
7760 578
5762 7758
2252 4181
410 8182
608 6024
1486 4474
5638 2825
962 4986
2127 5437
8834 5738
1311 6972
744 1251
5405 3104
6019 4647
8238 7011
634 7535
196
3920 2733
9778 1892
3175 2219
6225 5023
2092 1552
2843 106
3741 359
3620 9725
2592 3023
8876 3730
2404 6506
3553 1256
6938 8795
7378 8803
1993 3277
7296 8471
9030 732
8443 3133
3477 4524
4329 4070
7237 5315
9966 4188
6588 5336
5382 7676
5233 9872
7667 8278
7950 4771
6724 4078
8217 4465
5948 4026
6209 2814
7502 6986
6501 9157
8773 583
4244 3940
1811 1173
2250 9734
3328 4325
7685 9699
8679 7824
5610 2804
254 6597
9345 8300
5996 9406
2922 9614
3624 5551
6893 2204
6012 8331
8486 1042
4673 9307
6073 3250
9673 2464
6597 5477
6782 4947
6311 9978
9078 5847
4107 2990
8612 7384
2206 2715
1991 3450
6432 6505
8513 6647
3303 3108
289 8099
2043 7180
3254 4111
6084 5019
6281 7057
3732 1514
6820 7996
3337 6935
3435 5666
9895 7943
3251 7911
9570 844
1914 7557
4872 8593
9200 5504
7645 3725
7107 6359
6455 6948
9191 4517
3874 5057
9864 5997
1023 5147
7230 6488
3575 6553
9603 7734
8799 1577
6088 5660
2111 2748
5359 2198
1835 9785
1994 34
6637 9228
3786 3575
9369 672
3978 3072
84 5383
951 7159
7470 8441
4830 9637
3178 7563
1769 3100
8187 1805
3697 6526
4851 5333
1931 6825
5793 6306
4430 3743
2438 3109
6342 2737
9402 8062
4363 981
3637 5263
4961 7126
9853 3979
470 3095
8494 2878
4831 3043
7677 7583
4464 62
5875 6586
3990 979
806 8915
4311 6828
8962 822
9176 4825
9577 5730
583 4711
145 3755
9870 9794
7714 5574
5519 843
1415 3158
6523 6405
6821 4813
4042 1942
1657 2486
8856 8261
3785 4294
4159 7891
5334 2996
8795 6405
956 3381
8422 3657
2454 3270
5148 4276
5194 9381
7046 6901
8339 7114
6468 6989
1722 8015
9956 7889
9198 2016
8019 5593
8048 4721
5239 9443
2911 5657
9123 5869
2688 6233
1276 3075
4015 2796
3886 9665
1599 8265
3699 4827
4111 1636
7565 8946
6494 3306
8138 5534
2377 1880
4272 319
5036 4624
367 5432
659 3086
2409 1232
9965 1761
7144 1493
9881 838
789 1088
5232 2592
8303 661
5726 3479
6138 445
1138 8489
2847 8013
6959 531
2374 5872
9382 9423
1219 6514
291 2212
5324 2010
449 1202
7381 4699
2736 839
5939 2880
196
3917 4606
9344 1644
8931 2981
287 9876
1802 4353
9636 1030
8694 1898
733 687
1020 3469
203 3529
4409 8202
6955 2700
4606 2863
9070 4035
5775 9454
2379 2124
8857 3470
4697 2560
4073 6204
3474 1939
7629 2729
7599 5427
9055 747
6092 894
7727 8781
9369 5428
9279 1537
4013 7813
5352 9592
9495 2808
4708 6545
2181 2765
8838 7269
3654 7031
3251 5283
474 418
5367 7959
3307 8657
1272 5125
8642 5173
9917 1059
1647 8742
4852 8653
7025 7831
5259 61
8138 2049
1401 6643
9547 311
2448 9203
2067 8019
8450 1605
893 6209
6471 5712
3647 373
5938 9980
383 3932
5337 1822
8606 1880
6905 9726
4945 7716
638 277
8079 3677
7371 7346
114 9106
8551 8287
7936 8888
7468 9956
5815 649
4686 9885
9823 1924
6595 3081
9460 3004
1199 483
1624 1395
8156 6216
367 5889
305 802
1674 9567
3412 9440
4959 7319
8250 3694
2839 7692
5132 2534
7448 6251
3485 6093
8273 4611
344 3669
7872 5611
4345 1954
1186 4699
8209 3972
9941 6056
8227 136
8081 3575
683 8488
6034 8290
6914 1851
7655 4776
4086 337
5341 6695
6960 4211
3947 861
2535 7448
6347 3900
4910 5596
9881 8468
4588 7319
1150 5663
6563 6309
9493 1601
9700 5525
3094 9356
6724 8046
6201 821
2235 2849
3966 860
3752 9672
5125 6945
3633 1865
7083 7808
8945 754
217 9979
6744 1645
797 1193
8359 6733
1860 1333
8904 515
2487 5912
7034 7534
1822 5730
329 4969
7547 3352
8392 5141
8544 7606
8339 3449
558 3797
6936 4565
5608 3730
9323 5840
3506 8080
95 5450
5178 9640
7371 8588
367 8086
6933 62
6376 3345
3233 273
5770 1916
5084 897
6989 3823
6550 6465
3935 2142
2339 8134
8857 1563
7762 136
8239 2559
1553 4305
6856 2840
5545 7645
3827 6469
3313 5655
1835 1814
7946 8944
9184 4992
9294 438
6392 3109
5723 8147
9741 6727
9907 7584
1722 2299
1609 4494
8434 6255
7271 9934
406 5021
7332 7562
4820 1061
3627 612
3882 6421
7541 2273
8785 5871
38 8161
1599 6342
5674 426
4671 3139
926 2540
3728 7335
2266 3097
5531 3707
529 9473
8501 5363
7857 4221
8851 9888
5561 6117
5747 6071
6444 5766
5919 9184
196
1129 6651
6864 4136
7948 1206
7420 3076
762 7765
2144 6009
4201 772
2570 5411
3206 1190
1809 6788
2435 940
1629 4687
5541 7186
6549 7558
2931 9394
3035 6020
4350 23
3028 4580
9013 9734
7774 9737
3908 766
5804 2878
4691 3816
6263 4253
5894 4830
5426 7228
4054 1873
9084 7403
5115 1132
1385 5346
4640 4534
6645 6674
6850 1706
4904 6624
4625 8790
8539 5721
3921 5906
7987 1658
9130 1018
2031 6736
1888 7404
4367 4014
7340 4457
6802 7550
83 6891
3171 1605
8374 8735
92 8516
6709 5694
9382 6991
703 6864
4991 7585
78 4513
3979 3861
3851 8266
4446 8892
1535 8886
6789 6560
227 1696
3373 4352
6720 3702
1337 2896
6706 7143
7732 7850
27 6273
490 9682
5612 9522
8571 9047
7697 1726
2570 6379
6224 923
3830 4901
6872 2546
6177 2702
4639 3788
2810 2712
1831 8798
2695 9070
974 1549
1039 3064
4122 5667
7603 3711
7510 1112
6256 5274
8554 7837
1225 2513
8940 361
451 3563
8646 777
9709 8757
8278 4994
2677 1422
2180 115
325 6728
2716 6890
6202 9278
8115 4961
5992 7858
2659 1028
5201 7382
2276 9452
7837 3266
1509 3495
4740 4930
6126 4061
930 6886
5057 1677
5536 2386
1027 9527
940 3745
8433 2021
3498 6492
7164 7777
654 9569
8200 2183
6335 7158
1551 9777
9175 1742
1145 8699
2139 7692
8508 4280
594 9275
21 6661
5132 8110
3702 8822
8930 6304
7493 745
7476 1414
9485 9515
9320 3384
7487 944
5942 2167
5341 7221
9010 4188
5307 1317
7829 9821
8580 9302
731 7814
5876 6340
3948 4432
3593 6894
1025 3405
1982 6730
4296 3366
6260 9453
9739 2629
4416 7201
5146 8467
8957 2235
3233 8835
6325 1834
264 8495
1162 8993
2517 328
839 6809
2896 4282
4101 1390
5708 1190
8922 5235
2794 2229
623 2855
200 7215
1594 1575
2448 9926
9569 2063
3330 4519
1961 6044
3029 1254
9363 5969
4051 8831
1685 4321
8064 4028
9106 3683
1765 2638
5859 22
4120 3487
6644 7385
5494 6660
2647 1496
6388 8650
4141 1288
6380 3481
6935 5036
3405 7643
3447 2190
7339 3062
6309 7349
7002 8517
8096 9920
6133 4000
3605 1287
3441 89
6522 71
783 9972
8685 2292
6431 5700
199
7185 1552
53 5263
7197 9347
988 9668
1702 6275
9902 6324
4784 8074
2212 1469
903 409
3255 724
8522 4962
5899 2811
8834 7974
5044 820
22 2151
7935 1912
8611 2106
1036 6513
1675 2573
6927 4186
4732 305
4669 5816
2003 7183
3044 6612
7360 6146
2613 3360
4863 6050
5663 8806
3391 9595
7488 4624
3698 583
8867 1151
3782 9051
5268 6371
5301 9374
7760 9582
4380 9651
4750 9364
7048 3880
8177 2379
6658 2695
5247 6437
6479 318
9468 9289
5518 3801
7161 305
969 8618
689 1885
6391 4776
9164 9243
4986 5035
6659 3833
5220 7838
2562 3821
6767 6317
5625 1054
5757 9270
2686 4624
5200 5035
2733 6218
9294 9726
3398 1459
2795 5890
6754 1045
8040 680
5702 341
1737 663
4651 5025
4439 1947
3600 52
1942 2636
7005 5088
2375 5982
6783 6423
9563 8265
348 8838
3595 5242
6809 1924
3548 6812
1009 8916
7444 750
5518 2538
9757 3632
4438 9249
693 2872
2226 2972
3012 8796
5380 9204
2092 4324
3829 9944
6599 5746
7907 2356
4976 8105
7798 7463
780 6013
3354 4047
1380 3591
3830 1381
2485 4278
709 6367
1946 851
6896 768
5085 610
5700 5186
2471 3322
6022 7211
8720 7785
4417 3930
8579 3160
5410 1750
1360 6732
2886 8394
8714 9306
7353 5909
7906 2199
8297 376
3686 9921
6854 711
2252 8162
9479 5091
2103 9579
8649 775
5199 7525
4183 9250
183 2319
5234 9743
5624 4873
5658 97
4103 4305
3914 2278
8492 2000
1999 8014
13 806
8321 9892
5178 7863
1651 3461
9594 8316
2799 6678
6414 6006
89 6437
5092 8174
8398 7783
8684 520
7957 3402
6009 9178
526 4150
3820 1370
4211 632
5810 9392
1134 6441
4336 6565
6927 8308
5189 7501
8940 404
8216 5002
5767 7829
4778 7973
2972 6757
3146 4368
8514 7304
6158 338
946 5440
2167 9241
5542 7467
9840 9785
9158 916
2257 5138
321 8697
7900 7878
6113 3510
4391 380
7898 8173
6932 6655
6433 9959
7616 7100
6743 2157
4382 8897
6391 6964
9085 4292
5358 6792
8329 8222
4834 54
5926 9180
9918 3579
2006 500
3530 4322
8024 7758
4586 173
6866 5144
2052 5022
4584 3200
8451 5988
8149 3976
386 5403
9797 7718
7507 1496
2660 7123
5003 1146
1012 7297
199
2755 2735
6763 9257
7208 4311
821 1625
8428 7840
408 9795
2230 6700
4588 9460
4030 5659
7934 2625
1319 6530
6442 4221
6376 3237
8578 3845
3267 5279
4713 1208
636 766
4923 3382
513 8181
1109 3561
9060 3478
8655 2590
3984 4121
9710 8552
7316 8521
1243 5223
52 1221
4555 2599
9259 8827
1606 3940
1562 6018
901 9925
7497 6730
987 2899
4967 2913
7577 8219
298 4117
824 5397
1794 3805
8391 4726
6882 6297
3433 4734
4277 4176
5052 7492
1882 8744
8336 1986
3046 9432
8461 1189
1870 3103
6532 6062
8341 4197
9843 6770
7368 6576
8890 8994
736 3667
4263 7562
7178 323
5776 4677
8402 4702
5828 1161
8983 4295
8952 3813
5128 7594
827 9430
9023 931
8935 2002
357 4330
2486 9281
695 7585
3989 1584
4864 2188
5849 9836
3830 508
8262 219
2788 5890
7630 3864
9929 1861
9176 7916
6207 9021
7149 9565
2064 5849
686 8211
698 5655
3776 2098
2822 1195
8167 9943
2622 9542
7766 5757
6901 7566
4537 5556
1388 1218
9246 3588
4612 1057
1428 6596
7240 3387
4376 8122
7081 2493
7372 972
6853 1063
3322 3329
4013 118
9814 514
7539 9928
4994 8089
5366 5864
2818 3178
3472 4562
5374 2566
1978 4063
8501 4269
9455 295
2782 4434
9281 2940
8692 415
7936 9235
2657 244
6295 9204
351 9179
9355 34
7113 673
4220 7184
4239 4690
7046 4630
4525 734
8747 3363
2447 7227
3664 5333
2073 4387
5345 9785
8871 5861
5 7728
8411 5097
1414 9071
8761 6561
8270 700
5448 8526
8893 6068
7926 2037
4133 9827
8470 1753
2514 7992
2810 7053
7858 7177
4358 6595
7765 6091
6943 5889
7584 4882
4283 8862
9527 9525
1554 4623
2666 2924
5386 9254
356 3745
9575 7631
6311 5140
5534 3089
3824 5408
8219 992
9109 2968
2478 9186
3381 7610
9103 1726
2588 6123
7184 4600
5994 2843
9429 1675
3530 5312
6290 36
8613 2946
451 4696
2586 966
2645 7602
9429 7049
790 9865
3150 5365
2029 8545
9908 1058
1604 548
3397 7952
8074 8814
2437 8215
8512 4378
9324 3005
1830 584
7104 4553
8055 2755
453 8227
7070 882
8677 7862
9132 2898
5408 9350
796 9219
8672 2951
8615 8475
291 3054
5119 7943
484 1977
5339 2983
2231 4436
198
417 3172
7108 1443
3326 5290
9629 7655
2997 7181
8887 5556
6372 9844
1133 8015
7720 6180
7833 373
6173 7393
4073 2980
4803 3791
8975 3273
5534 9178
4883 909
7672 7905
2120 2762
4646 7578
1425 7550
8549 325
451 2827
2978 7361
6657 2939
6254 1294
8046 7155
8265 2110
1158 9574
8917 8064
8080 8734
9333 350
9356 4225
5025 5124
4793 2691
2388 6844
90 6211
6534 1985
6196 5569
7612 5026
3989 5853
9719 4631
7978 3819
6973 6661
2786 8903
8106 1955
2890 4462
8798 4608
9334 7927
5823 7118
3926 9688
9843 9441
7036 3272
7144 8928
7959 7089
1594 7833
5466 3810
9938 214
5513 6201
7987 1874
8929 31
5150 4920
6245 2027
3397 2329
1801 1646
4235 9623
782 1261
9924 4124
4015 3779
3090 5117
7549 8150
446 4935
2692 733
9684 6696
9545 5468
6404 8246
1960 7099
280 4006
7439 6318
9859 1476
3272 226
8921 4273
2294 3961
7407 5009
9285 7780
884 1914
3624 8145
2523 2930
2769 4920
3243 3827
3565 3957
349 7181
5623 2010
6922 4600
7946 4091
9864 4897
3831 3499
9152 4732
8465 6254
2403 5891
9202 7560
2503 8153
4810 1793
1820 1623
7424 2770
8861 3466
2811 153
49 3622
2883 527
782 3969
9788 2805
2080 2030
2546 1538
8681 407
8875 4263
5997 8672
7387 9202
711 9426
8468 8253
8804 67
4961 4308
2346 8972
2554 2099
8211 2303
8188 6434
5440 8246
2127 3253
4811 616
9447 2414
7391 1904
1886 8762
9061 1511
8332 2435
9248 8188
7185 8591
7937 6130
6714 4781
7258 3934
9405 7047
7229 307
7830 9001
3598 8360
7388 8760
9337 4538
4184 7208
4330 9374
4950 1525
3805 8260
5169 41
2838 5930
6880 9337
579 4335
6727 6737
8315 9368
5665 8178
5482 4332
9276 5180
3904 3395
5664 654
6818 1327
7858 4078
7982 6800
217 6244
9557 2890
4634 2429
4557 70
6226 3435
1896 9977
8779 8236
6916 8853
5408 3612
8232 5379
7967 153
1293 7478
2037 654
5067 8610
6678 8462
3072 3401
9800 3521
7348 8449
464 6339
2763 8452
9102 9710
1093 867
3731 9846
8739 3167
4831 3392
3397 2487
3676 173
1920 4868
221 8718
2265 518
2237 7608
8165 5177
2405 9573
614 9283
3631 5494
399 3940
6913 1203
194
5317 2533
3686 9513
8708 3269
7055 9100
602 6486
9242 9465
6773 6888
9142 869
5193 9752
7141 7577
5260 335
3929 1186
6446 7155
5107 8030
2366 2810
8109 3396
737 7413
9430 7409
9706 2248
5309 6161
2827 4153
9724 6194
1090 5717
7668 9153
3241 22
5213 248
552 5780
2805 1376
9271 3569
5349 6420
8977 3516
9862 4262
5009 5947
9430 4122
9462 9240
6118 8234
5632 8506
3988 5798
9090 6971
9576 4772
4859 5799
557 3793
9123 1252
5938 1757
7406 9518
9906 9406
7006 242
2275 7048
7620 3014
8953 8356
8356 7347
7397 688
7099 3813
361 2145
4614 7402
209 7047
8743 5072
340 2498
6700 8728
8733 6205
8494 4881
9551 5369
111 4404
8700 1563
8556 2414
2120 9682
6747 2667
8812 2887
5430 2504
9123 9854
8491 2050
6339 815
2162 6380
1845 5919
4234 7862
5303 11
5381 5993
6294 2510
1789 4998
3242 4520
381 2512
204 447
473 8245
9893 8557
8655 6767
801 3284
5384 3074
4644 7343
6232 2619
2379 9542
1175 3133
2522 9674
2088 2695
6724 992
8074 1357
4132 8157
5528 5402
5615 6799
486 3125
9698 7382
4155 7488
8636 1734
8949 8966
5126 9297
1074 8110
8292 4030
7739 4906
9305 5152
400 5537
8919 593
8602 4922
4113 4794
8858 5308
3474 7316
4237 8656
9663 200
5155 4226
3196 6158
6076 6418
2172 5942
6294 4207
1564 7563
4940 9739
7542 224
2244 9634
5405 1359
7258 3233
5673 9929
8110 3004
3231 8464
3010 2490
8883 5267
5696 4235
6222 1212
6659 954
5982 1476
7763 2872
668 9517
4353 1176
4218 7551
7737 464
212 2699
5663 6290
2993 2889
7374 3124
6583 1408
7214 2994
6966 8202
7775 5394
1283 3319
6972 7359
8854 7724
1508 210
5694 2910
4144 1029
6590 453
3703 1154
4448 5278
8527 605
6474 7419
6934 9497
9861 5067
857 9998
6003 7423
1001 1540
7589 7397
3343 1252
9360 5961
5153 4782
1013 5826
8455 3689
6068 4861
5098 3820
3238 7008
4674 3192
6587 4946
9730 5168
5936 9290
4266 6313
8549 413
6061 4308
6872 3534
7190 4092
4984 5676
5989 4971
7272 8465
9647 4613
4629 331
1162 6143
4936 6811
5758 415
414 167
8821 3301
3149 3611
198
7087 4276
9753 2849
732 7063
3671 2967
6156 2355
4565 7499
6482 9771
4296 161
2004 3335
3972 2291
4276 785
4613 7264
7704 8027
917 4617
5644 112
2713 2587
3270 1644
6871 9606
4753 5575
559 619
8020 8426
493 5995
1509 9413
2652 1311
2127 9687
3778 7495
8649 5471
2114 6054
3146 3454
6854 3583
6943 4765
6647 2816
8168 1805
2495 7354
216 6787
6936 4240
5868 4270
8480 4827
1785 7093
1244 8091
1122 3981
8505 5687
9875 2791
7858 4487
5494 9545
3792 7356
3209 4834
6768 4426
8096 1585
9650 2226
9890 8933
746 4301
2120 4510
2874 513
143 6277
5914 6529
2356 3663
4000 2018
5472 9644
7318 99
4997 3685
493 6466
2594 1911
3115 7084
5260 868
8813 1134
6350 557
3118 8885
1386 7841
5417 741
6916 1247
9526 8107
5416 9860
6249 4825
2020 4832
4272 3067
6438 9002
4878 1519
6206 1478
9870 9914
987 7919
990 4671
7093 6243
576 5363
9892 1237
5736 8038
748 5654
836 3141
2843 4145
7653 221
324 3658
5547 4942
9166 9181
7576 5565
9022 7954
8773 4199
595 5295
1429 4948
7565 9422
6833 5861
7445 1760
241 9989
9626 4441
7416 3507
1125 4430
5989 9972
9574 6473
3593 829
6713 5957
7142 4404
448 1367
410 4214
1978 5336
7579 8383
6041 1017
7976 5777
7797 7635
5618 6882
6501 9117
366 6832
2537 3434
8949 223
3628 6702
5488 7574
6346 8824
7094 2145
2156 9770
5051 8848
7424 5733
690 3023
7056 4973
3834 4278
3353 1458
6503 2
7663 2213
5282 1395
5605 5578
3259 8392
8444 6935
6018 5513
3005 6005
4277 7898
6537 2956
9585 3002
4284 5815
1841 4648
3981 1806
2094 6704
1378 9871
6394 1118
6506 5555
8408 6053
3055 4794
595 4029
9777 8761
4098 8179
1038 5111
5580 920
954 2747
4984 2653
5106 4701
6506 9297
8921 2832
3296 370
3594 8550
8285 2006
3783 8080
2662 4924
118 7486
2085 4282
3732 7526
1148 8639
8725 4594
7402 9903
3554 6460
7965 5061
3823 3079
918 3283
4030 4716
5426 7698
4111 8972
9910 206
3754 1353
8132 516
4252 3721
3926 5080
4534 5648
3018 6751
1738 240
2469 6371
6820 3700
7814 8776
2135 7609
8462 1662
2137 2525
9527 2925
4802 4597
1297 6807
